Start and Goal Nodes:
Node: TP 2001, Location: (22, 24)
Node: Lift 1, Location: (42, 56)
Node: TP 2003, Location: (69, 46)
Node: TP 2002, Location: (23, 47)

Generated Paths:
Path: [(22, 24), (22, 23), (23, 23), (24, 23), (24, 24), (24, 25), (24, 26), (25, 26), (26, 26), (27, 26), (28, 26), (29, 26), (30, 26), (30, 27), (31, 27), (31, 28), (31, 29), (31, 30), (32, 30), (32, 31), (32, 32), (33, 32), (34, 32), (34, 33), (35, 33), (35, 34), (36, 34), (36, 35), (36, 36), (36, 37), (36, 38), (36, 39), (36, 40), (36, 41), (38, 41), (39, 41), (39, 42), (40, 42), (40, 43), (40, 44), (40, 45), (40, 46), (40, 47), (40, 48), (40, 49), (40, 50), (40, 51), (40, 52), (41, 52), (41, 53), (41, 54), (42, 54), (42, 55), (42, 56)]
Path: [(22, 24), (21, 24), (21, 25), (21, 26), (22, 26), (23, 26), (24, 26), (25, 26), (26, 26), (27, 26), (28, 26), (29, 26), (30, 26), (31, 26), (32, 26), (33, 26), (34, 26), (35, 26), (36, 26), (36, 27), (36, 28), (36, 29), (36, 30), (36, 31), (36, 32), (36, 33), (36, 34), (36, 35), (36, 36), (36, 37), (36, 38), (36, 39), (36, 40), (36, 41), (36, 42), (36, 43), (36, 44), (36, 45), (36, 46), (36, 47), (36, 48), (36, 49), (36, 50), (36, 51), (36, 52), (36, 53), (36, 54), (37, 54), (38, 54), (39, 54), (39, 55), (40, 55), (41, 55), (42, 55), (43, 55), (44, 55), (45, 55), (46, 55), (47, 55), (47, 54), (48, 54), (49, 54), (50, 54), (50, 53), (50, 52), (50, 51), (50, 50), (50, 49), (50, 48), (50, 47), (50, 46), (50, 45), (50, 44), (50, 43), (51, 43), (52, 43), (53, 43), (53, 44), (54, 44), (55, 44), (56, 44), (57, 44), (57, 45), (58, 45), (59, 45), (60, 45), (61, 45), (62, 45), (63, 45), (64, 45), (65, 45), (66, 45), (67, 45), (68, 45), (69, 45), (69, 46)]
Path: [(22, 24), (22, 23), (23, 23), (24, 23), (25, 23), (25, 24), (26, 24), (26, 25), (27, 25), (27, 26), (28, 26), (29, 26), (30, 26), (30, 27), (31, 27), (31, 28), (31, 29), (31, 30), (31, 31), (32, 31), (32, 32), (32, 33), (33, 33), (33, 34), (33, 35), (33, 36), (33, 37), (33, 38), (33, 39), (33, 40), (32, 40), (31, 40), (31, 41), (31, 42), (30, 42), (30, 43), (30, 44), (30, 45), (30, 46), (30, 47), (29, 47), (28, 47), (27, 47), (27, 46), (27, 45), (27, 44), (26, 44), (25, 44), (24, 44), (23, 44), (23, 45), (23, 46), (23, 47)]
Path: [(22, 24), (22, 23), (22, 22), (23, 22), (24, 22), (24, 21), (25, 21), (26, 21), (26, 22), (27, 22), (27, 23), (27, 24), (27, 25), (28, 25), (28, 26), (29, 26), (30, 26), (30, 27), (31, 27), (31, 28), (32, 28), (32, 29), (32, 30), (32, 31), (33, 31), (33, 32), (33, 33), (33, 34), (33, 35), (34, 35), (35, 35), (36, 35), (36, 36), (36, 37), (36, 38), (36, 39), (36, 40), (36, 41), (36, 42), (36, 43), (36, 44), (38, 44), (39, 44), (39, 45), (39, 46), (39, 47), (39, 48), (39, 49), (39, 50), (39, 51), (40, 51), (40, 52), (41, 52), (41, 53), (41, 54), (42, 54), (42, 55), (42, 56)]
Path: [(69, 46), (68, 46), (67, 46), (66, 46), (65, 46), (64, 46), (63, 46), (62, 46), (61, 46), (60, 46), (59, 46), (58, 46), (57, 46), (56, 46), (55, 46), (54, 46), (54, 47), (54, 48), (53, 48), (52, 48), (51, 48), (50, 48), (50, 49), (50, 50), (50, 51), (50, 52), (50, 53), (50, 54), (50, 54), (50, 54), (49, 54), (48, 54), (47, 54), (46, 54), (45, 54), (44, 54), (43, 54), (42, 54), (42, 55), (42, 56)]
Path: [(23, 47), (23, 46), (24, 46), (24, 45), (25, 45), (26, 45), (26, 46), (27, 46), (27, 47), (28, 47), (28, 48), (29, 48), (30, 48), (31, 48), (32, 48), (32, 49), (33, 49), (32, 49), (32, 50), (32, 51), (32, 52), (33, 52), (33, 53), (34, 53), (35, 53), (36, 53), (36, 54), (37, 54), (38, 54), (39, 54), (40, 54), (41, 54), (42, 54), (42, 55), (42, 56)]
Path: [(69, 46), (68, 46), (67, 46), (66, 46), (66, 45), (66, 44), (65, 44), (64, 44), (64, 43), (63, 43), (62, 43), (61, 43), (60, 43), (59, 43), (58, 43), (57, 43), (56, 43), (55, 43), (54, 43), (53, 43), (52, 43), (51, 43), (50, 43), (50, 44), (50, 45), (50, 46), (50, 47), (50, 48), (50, 49), (50, 50), (50, 51), (50, 52), (50, 53), (50, 54), (50, 55), (50, 56), (49, 56), (49, 57), (48, 57), (47, 57), (46, 57), (45, 57), (44, 57), (44, 58), (43, 58), (42, 58), (41, 58), (40, 58), (39, 58), (39, 57), (39, 56), (38, 56), (37, 56), (37, 55), (37, 55), (36, 55), (36, 54), (36, 53), (36, 52), (36, 51), (36, 50), (36, 49), (36, 48), (36, 47), (36, 46), (36, 45), (36, 44), (36, 43), (36, 42), (36, 41), (36, 40), (36, 39), (36, 38), (36, 37), (36, 36), (36, 35), (36, 34), (36, 33), (36, 32), (36, 31), (36, 30), (35, 30), (35, 29), (35, 28), (34, 28), (34, 27), (33, 27), (32, 27), (31, 27), (30, 27), (30, 26), (29, 26), (28, 26), (27, 26), (26, 26), (25, 26), (24, 26), (23, 26), (22, 26), (21, 26), (21, 25), (21, 24), (22, 24)]
Path: [(69, 46), (68, 46), (67, 46), (66, 46), (65, 46), (64, 46), (63, 46), (62, 46), (61, 46), (60, 46), (59, 46), (58, 46), (57, 46), (57, 47), (56, 47), (56, 48), (55, 48), (54, 48), (53, 48), (52, 48), (51, 48), (50, 48), (50, 49), (50, 50), (50, 51), (50, 52), (50, 53), (50, 54), (50, 55), (49, 55), (48, 55), (47, 55), (46, 55), (46, 54), (46, 53), (45, 53), (44, 53), (43, 53), (43, 54), (43, 55), (42, 55), (42, 56)]
Path: [(23, 47), (23, 46), (24, 46), (25, 46), (26, 46), (27, 46), (27, 47), (28, 47), (29, 47), (30, 47), (31, 47), (32, 47), (33, 47), (34, 47), (35, 47), (36, 47), (36, 48), (36, 49), (36, 50), (36, 51), (36, 52), (36, 53), (36, 54), (37, 54), (38, 54), (38, 55), (39, 55), (40, 55), (41, 55), (42, 55), (43, 55), (43, 54), (44, 54), (45, 54), (46, 54), (47, 54), (48, 54), (49, 54), (50, 54), (50, 53), (50, 52), (50, 51), (50, 50), (50, 49), (50, 48), (50, 47), (50, 46), (51, 46), (52, 46), (53, 46), (54, 46), (54, 45), (55, 45), (56, 45), (57, 45), (58, 45), (59, 45), (60, 45), (61, 45), (62, 45), (63, 45), (64, 45), (65, 45), (65, 46), (66, 46), (67, 46), (68, 46), (69, 46)]
Path: [(23, 47), (22, 47), (22, 46), (22, 45), (22, 44), (23, 44), (23, 43), (24, 43), (25, 43), (26, 43), (27, 43), (27, 44), (27, 45), (27, 46), (27, 47), (28, 47), (29, 47), (30, 47), (30, 46), (30, 45), (30, 44), (31, 44), (32, 44), (32, 43), (33, 43), (33, 42), (33, 41), (34, 41), (34, 40), (34, 39), (34, 38), (35, 38), (36, 38), (36, 37), (37, 37), (37, 36), (37, 35), (37, 34), (37, 33), (36, 33), (36, 32), (36, 31), (36, 30), (36, 29), (36, 28), (36, 27), (36, 26), (36, 25), (36, 24), (35, 24), (34, 24), (33, 24), (32, 24), (32, 23), (31, 23), (30, 23), (29, 23), (28, 23), (27, 23), (26, 23), (26, 22), (25, 22), (24, 22), (23, 22), (23, 23), (22, 23), (22, 24)]
Path: [(23, 47), (22, 47), (22, 48), (22, 49), (23, 49), (24, 49), (25, 49), (26, 49), (27, 49), (28, 49), (29, 49), (30, 49), (30, 50), (31, 50), (32, 50), (33, 50), (34, 50), (35, 50), (35, 51), (36, 51), (36, 52), (36, 53), (36, 54), (37, 54), (38, 54), (38, 54), (39, 54), (40, 54), (41, 54), (42, 54), (42, 55), (42, 56)]
Path: [(69, 46), (68, 46), (67, 46), (66, 46), (65, 46), (64, 46), (63, 46), (62, 46), (61, 46), (60, 46), (59, 46), (58, 46), (57, 46), (56, 46), (56, 45), (55, 45), (54, 45), (53, 45), (52, 45), (51, 45), (50, 45), (50, 46), (50, 47), (50, 48), (50, 49), (50, 50), (50, 51), (50, 52), (50, 53), (50, 54), (49, 54), (47, 54), (46, 54), (45, 54), (44, 54), (43, 54), (42, 54), (41, 54), (40, 54), (39, 54), (38, 54), (37, 54), (36, 54), (36, 53), (36, 52), (36, 51), (36, 50), (36, 49), (36, 48), (36, 47), (36, 46), (35, 46), (34, 46), (33, 46), (32, 46), (31, 46), (31, 47), (30, 47), (29, 47), (28, 47), (27, 47), (27, 46), (26, 46), (25, 46), (24, 46), (23, 46), (23, 47)]
